7 22
0 0.25 4 1 0 0 0
0 0 0 1 0 0 0
-2 1 0 1 0 0 0
0.5 0.75 0 1 0 0 0
0.7 0 0 1 0 0 0
-0.5 0.75 0 1 0 0 0
-0.7 0 0 1 0 0 0
0.375 -0.75 0 1 0 0 0
0 -1 0 1 0 0 0
-0.375 -0.75 0 1 0 0 0
0 -1 0 1 0 0 0
0 0.75 0 1 0 0 0
2 1 0 1 0 0 0
0.5 0.75 0 1 0 0 0
0.7 0 0 1 0 0 0
-0.5 0.75 0 1 0 0 0
-0.7 0 0 1 0 0 0
0.375 -0.75 0 1 0 0 0
0 -1 0 1 0 0 0
-0.375 -0.75 0 1 0 0 0
0 -1 0 1 0 0 0
0 0.75 0 1 0 0 0
-1.00799 0.268457 4.59087 0.96515 -0.0482518 -0.0318505 0.255229
0 0 0 1 0 0 0
-2.18345 0.385914 2.02095e-16 0.930559 -0.031529 0.0281498 0.363693
0.5 0.75 0 1 0 0 0
0.7 -3.19189e-16 -4.98733e-17 0.812148 -0.543134 -0.141696 0.159194
-0.5 0.75 0 1 0 0 0
-0.7 1.32099e-15 7.63278e-17 0.750083 0.596001 0.230235 0.170734
0.375 -0.75 2.0383e-17 0.901914 -0.265629 0.144354 0.30847
-1.00614e-16 -1 -2.15106e-16 0.870256 0.0722051 -0.217153 -0.436217
-0.375 -0.75 7.80626e-18 0.815232 -0.352982 -0.370086 -0.27173
0 -1 0 1 0 0 0
5.58147e-16 0.75 3.51282e-17 0.94702 0.319355 -0.0339939 -0.00320725
0.950742 0.433123 -0.959228 0.955859 0.0182659 -0.027883 -0.291927
0.5 0.75 -4.57967e-16 0.968632 -0.17927 -0.0225677 0.170605
0.7 2.498e-16 6.69603e-16 0.802991 0.229602 -0.49569 -0.238286
-0.5 0.75 1.83881e-16 0.939426 0.144825 0.308869 0.0332501
-0.7 -9.35016e-16 3.7817e-16 0.934823 0.232279 0.227711 0.142475
0.375 -0.75 3.47812e-16 0.847838 -0.215217 0.411033 0.256718
1.24033e-16 -1 -5.23886e-16 0.773038 -0.336558 0.53437 0.0599181
-0.375 -0.75 2.30718e-16 0.881246 -0.468325 0.0481312 0.0419625
-4.77049e-16 -1 -8.82974e-16 0.733415 -0.0529838 -0.226399 -0.638779
0.0268899 0.737484 0.677731 1 6.33174e-17 1.58294e-17 0
-0.673703 3.35368 -5.59217 0.173586 -0.2683 -0.917998 -0.234868
0 0 0 1 0 0 0
-1.25063 2.23587 -1.19106 0.930559 -0.031529 0.0281498 0.363693
0.831698 0.153343 -0.297435 1 0 0 0
0.7 -7.00828e-16 1.23512e-15 0.816749 -0.0627394 -0.206321 0.535179
-0.858688 0.765473 -0.114091 1 0 0 0
-1.32872 -1.29508 0.598853 0.750083 0.596001 0.230235 0.170734
-0.444064 -1.58237 -0.843507 0.948906 -0.215352 -0.109329 0.203098
4.40663e-15 -1 1.73602e-15 -0.670134 0.582928 -0.381688 -0.255793
-1.09165 -0.59188 -0.139935 0.815232 -0.352982 -0.370086 -0.27173
3.46901e-15 -1 3.45904e-15 0.553485 0.477207 0.617989 0.289859
5.58147e-16 0.75 3.51282e-17 0.94702 0.319355 -0.0339939 -0.00320725
2.72544 -0.0242907 -0.343552 0.787031 -0.115978 -0.537134 -0.28039
0.534177 0.718353 0.81512 0.942882 -0.071605 0.127831 0.299175
0.837563 -0.262196 1.0872 0.802991 0.229602 -0.49569 -0.238286
-0.5 0.75 9.54098e-17 0.933652 -0.0941698 -0.295929 0.17847
-0.7 -7.28584e-17 1.01221e-15 0.841637 -0.0893748 -0.323665 0.422965
0.433735 -0.635382 0.625648 0.847838 -0.215217 0.411033 0.256718
-3.00801e-15 -1 2.11636e-15 0.686975 0.44352 0.56715 -0.0984681
-0.473235 -0.934343 -1.08015 0.881246 -0.468325 0.0481312 0.0419625
3.1624e-15 -1 1.42074e-15 0.970081 -0.0471729 -0.134152 -0.196775
-0.0034512 0.769355 -0.0632124 1 -9.49761e-16 4.06814e-15 -9.49761e-16
9.59589 5.70749 -10.4255 -0.334891 0.0448467 -0.923917 -0.179484
0 0 0 1 0 0 0
-4.98901 0.538114 -5.22229 0.867684 0.0208455 -0.453442 0.202681
0.485376 0.64987 -0.137779 0.990034 0.118316 0.0754885 0.0116093
0.7 -7.2789e-15 1.99309e-15 -0.139756 -0.985114 0.0842742 0.053996
-0.858688 0.765473 -0.114091 0.801669 -0.220978 -0.554629 -0.0297057
-1.32872 -1.29508 0.598853 0.750083 0.596001 0.230235 0.170734
2.03692 -1.45685 -1.17496 0.948906 -0.215352 -0.109329 0.203098
6.53297e-15 -1 5.02983e-15 0.851556 0.234409 0.406661 0.233519
-1.09165 -0.59188 -0.139935 0.601224 -0.433748 -0.623842 -0.247415
-5.13633 1.43016 -1.43439 0.553485 0.477207 0.617989 0.289859
5.58147e-16 0.75 3.51282e-17 0.94702 0.319355 -0.0339939 -0.00320725
7.48889 2.97177 -1.8986 -0.116793 0.123158 -0.984087 -0.0525758
0.445217 0.743288 0.761903 0.960156 -0.216388 -0.109175 0.139132
0.71659 0.0558455 0.0768777 0.802991 0.229602 -0.49569 -0.238286
-0.5 0.75 -6.80879e-16 0.83971 -0.366241 0.262653 0.302933
-0.7 2.15106e-15 -1.48492e-15 0.524341 -0.826606 -0.193565 -0.0657434
0.331916 -1.17613 0.658088 0.892431 -0.15412 0.308376 0.291065
-3.55065e-15 -1 3.11556e-15 -0.299481 0.225573 0.923295 -0.0833942
-0.523874 -1.17241 -1.06908 0.881246 -0.468325 0.0481312 0.0419625
4.16594e-15 -1 8.91648e-16 0.957524 0.253333 -0.126667 0.0540951
-0.0908107 0.743982 0.003656 1 -2.62811e-16 3.99182e-15 -9.49761e-16
-0.333532 0.0927464 9.39458 0.997396 -0.0326415 -0.054707 0.0338011
0 0 0 1 0 0 0
-3.34829 0.629607 -0.146996 0.994106 -0.00201327 0.105985 0.0227417
0.485376 0.64987 -0.137779 0.990034 0.118316 0.0754885 0.0116093
0.7 -7.2789e-15 1.99309e-15 -0.139756 -0.985114 0.0842742 0.053996
-0.516908 0.726213 -0.0135112 0.994661 0.0249645 0.0802205 0.059924
-0.671495 0.00911714 0.565779 0.750083 0.596001 0.230235 0.170734
0.444709 -0.671758 -0.0281771 0.839374 -0.226686 -0.484103 0.0985337
6.53297e-15 -1 5.02983e-15 0.851556 0.234409 0.406661 0.233519
-0.527266 -0.660621 0.0267042 0.47709 -0.255595 -0.827264 0.150637
0.049211 -0.978238 0.111487 0.254372 0.482678 0.761466 0.34998
5.58147e-16 0.75 3.51282e-17 0.94702 0.319355 -0.0339939 -0.00320725
1.49832 0.69 2.16127 -0.062413 0.0646811 -0.995786 0.0182081
0.500737 0.739692 -0.0101885 0.939853 -0.15924 -0.260424 0.153293
0.700188 -0.0380909 -0.0650119 0.878282 -0.392008 0.127233 0.242408
-0.5 0.75 -6.80879e-16 0.83971 -0.366241 0.262653 0.302933
-0.7 2.15106e-15 -1.48492e-15 0.524341 -0.826606 -0.193565 -0.0657434
0.389619 -0.684461 0.0106879 0.886624 -0.339192 0.299245 0.0964325
-3.55065e-15 -1 3.11556e-15 -0.299481 0.225573 0.923295 -0.0833942
-0.821455 -0.918237 -0.461038 0.915318 -0.38565 -0.115685 -0.00921265
4.16594e-15 -1 8.91648e-16 0.957524 0.253333 -0.126667 0.0540951
-0.0908107 0.743982 0.003656 1 -2.62811e-16 3.99182e-15 -9.49761e-16
0.769711 0.893141 9.33393 0.995891 -0.0887811 0.0138851 0.011226
0 0 0 1 0 0 0
-1.69323 0.858876 2.62401 0.99633 -0.00574605 -0.0701694 0.048685
0.485376 0.64987 -0.137779 0.990034 0.118316 0.0754885 0.0116093
0.7 -7.2789e-15 1.99309e-15 -0.139756 -0.985114 0.0842742 0.053996
-0.516908 0.726213 -0.0135112 0.994661 0.0249645 0.0802205 0.059924
-0.706015 0.00039337 -0.0135204 0.966516 0.253001 0.0202255 -0.0377954
0.444709 -0.671758 -0.0281771 0.891075 -0.0346758 -0.448332 0.0614926
6.14959e-15 -1 3.70884e-15 0.988726 0.0205811 -0.134106 -0.0633447
-0.527266 -0.660621 0.0267042 0.662591 -0.0245531 -0.745215 0.0708781
0.0125868 -0.99012 0.0296204 0.918336 -0.0344979 0.393591 0.0235558
5.58147e-16 0.75 3.51282e-17 0.94702 0.319355 -0.0339939 -0.00320725
2.56253 0.894386 2.93011 -0.0775523 0.0396836 -0.99403 0.0656866
0.500737 0.739692 -0.0101885 -0.148967 -0.981906 -0.111646 0.0347026
0.700188 -0.0380909 -0.0650119 0.772594 -0.629711 -0.0653583 0.0478666
-0.486056 0.743724 -0.00291327 0.992682 -0.0329846 -0.0467123 0.106356
-0.7 1.24553e-15 -1.84965e-15 0.632956 -0.773476 -0.000414991 -0.0332028
0.389619 -0.684461 0.0106879 0.953907 0.0171356 -0.299166 -0.0163339
-4.31252e-15 -1 3.45036e-15 0.139558 -0.00105613 0.989518 0.0370977
-0.425612 -0.71319 -0.202057 0.991368 -0.0838291 -0.0728413 -0.0696815
3.57873e-15 -1 3.44776e-16 0.992342 0.0878354 0.0810247 0.0312474
-0.0908107 0.743982 0.003656 1 -2.62811e-16 3.99182e-15 -9.49761e-16
0.848076 1.59264 13.484 0.995891 -0.0887811 0.0138851 0.011226
0 0 0 1 0 0 0
-1.69323 0.858876 2.62401 0.99633 -0.00574605 -0.0701694 0.048685
0.485376 0.64987 -0.137779 0.990034 0.118316 0.0754885 0.0116093
0.7 -7.2789e-15 1.99309e-15 -0.139756 -0.985114 0.0842742 0.053996
-0.516908 0.726213 -0.0135112 0.994661 0.0249645 0.0802205 0.059924
-0.706015 0.00039337 -0.0135204 0.966516 0.253001 0.0202255 -0.0377954
0.444709 -0.671758 -0.0281771 0.891075 -0.0346758 -0.448332 0.0614926
6.14959e-15 -1 3.70884e-15 0.988726 0.0205811 -0.134106 -0.0633447
-0.527266 -0.660621 0.0267042 0.662591 -0.0245531 -0.745215 0.0708781
0.0125868 -0.99012 0.0296204 0.918336 -0.0344979 0.393591 0.0235558
5.58147e-16 0.75 3.51282e-17 0.94702 0.319355 -0.0339939 -0.00320725
2.56253 0.894386 2.93011 -0.0775523 0.0396836 -0.99403 0.0656866
0.500737 0.739692 -0.0101885 -0.148967 -0.981906 -0.111646 0.0347026
0.700188 -0.0380909 -0.0650119 0.772594 -0.629711 -0.0653583 0.0478666
-0.486056 0.743724 -0.00291327 0.992682 -0.0329846 -0.0467123 0.106356
-0.7 1.24553e-15 -1.84965e-15 0.632956 -0.773476 -0.000414991 -0.0332028
0.389619 -0.684461 0.0106879 0.953907 0.0171356 -0.299166 -0.0163339
-4.31252e-15 -1 3.45036e-15 0.139558 -0.00105613 0.989518 0.0370977
-0.425612 -0.71319 -0.202057 0.991368 -0.0838291 -0.0728413 -0.0696815
3.57873e-15 -1 3.44776e-16 0.992342 0.0878354 0.0810247 0.0312474
-0.0908107 0.743982 0.003656 1 -2.62811e-16 3.99182e-15 -9.49761e-16
